7.000000000000000000e+02
6.998788208057188740e+02
6.997714124276072880e+02
6.996906174177470348e+02
6.996098410627784006e+02
6.995099913163882093e+02
6.993888003849092456e+02
6.992901989857550689e+02
6.992093906200142328e+02
6.991286009281727729e+02
6.990198890961063398e+02
6.988986916727864127e+02
6.988089042317835720e+02
6.987280894909322342e+02
6.986472934397886547e+02
6.985297125091389034e+02
6.984084981557192577e+02
6.983275223167530612e+02
6.982466977222982223e+02
6.981607112251435865e+02
6.980394482965563157e+02
6.979269183650476407e+02
6.978460651938152068e+02
6.977652307537075558e+02
6.976703786448797473e+02
6.975491092398058299e+02
6.974453958920269088e+02
6.973645328656087941e+02
6.972836885878155044e+02
6.972028306685205052e+02
6.971219666142582128e+02
6.970411213156191934e+02
6.969320784049039048e+02
6.968107871687356010e+02
6.967212306326235876e+02
6.966404200970696365e+02
6.965596283052686886e+02
6.964418136657858440e+02
6.963205405633394776e+02
6.962396379910816222e+02
6.961587542161030342e+02
6.960778812023136197e+02
6.959969741180429992e+02
6.959160858397011680e+02
6.958245573631570551e+02
6.957032059702173683e+02
6.955960480978211535e+02
6.955151311730827501e+02
6.954342330718758376e+02
6.953338307727567553e+02
6.952124677243862152e+02
6.951141297855871244e+02
6.950332030283863105e+02
6.949522951123437906e+02
6.948430170516255657e+02
6.947216423655280551e+02
6.946321290165259370e+02
6.945511959209458155e+02
6.944702816825493983e+02
6.943893301498577557e+02
6.943083925576162301e+02
6.942254261351779405e+02
6.941039924797355525e+02
6.939881756724107618e+02
6.939072093776609336e+02
6.938262619730778624e+02
6.937344173983651672e+02
6.936129773416686248e+02
6.935059895238772469e+02
6.934250134071323828e+02
6.933440561982731651e+02
6.932433312697900192e+02
6.931218795994057018e+02
6.930237201786178503e+02
6.929427377343444050e+02
6.928617742140696691e+02
6.927807863150553658e+02
6.926997993808483898e+02
6.926188313793747966e+02
6.925040160304794199e+02
6.923826905739525728e+02
6.922985799752168532e+02
6.922175831965813586e+02
6.921366020306206792e+02
6.920555818029419015e+02
6.919745805411984065e+02
6.918860664819480917e+02
6.917645443938732797e+02
6.916541052463363712e+02
6.915730752115612177e+02
6.914920641605449418e+02
6.913946641463659262e+02
6.912731304784299482e+02
6.911715249766856459e+02
6.910904886294644029e+02
6.910094712822150314e+02
6.909284346181275396e+02
6.908473937901253521e+02
6.907663719708806411e+02
6.906547531922548160e+02
6.905332031240293418e+02
6.904457353852227470e+02
6.903646847704522997e+02
6.902836531823217001e+02
6.901631428276381257e+02
6.900440306141410929e+02
6.899629546567454099e+02
6.898818977489708004e+02
6.898008473967161081e+02
6.897197634738211036e+02
6.896386986110067028e+02
6.895445367650750086e+02
6.894229211674713724e+02
6.893179561857474482e+02
6.892368659656085583e+02
6.891557948218633101e+02
6.890527410820128580e+02
6.889311139566718794e+02
6.888349891105285678e+02
6.887538891142743296e+02
6.886728082123902368e+02
6.885916994346841875e+02
6.885105949713562268e+02
6.884295096112480223e+02
6.883123552295413674e+02
6.881908598795051830e+02
6.881087968872532201e+02
6.880276826174582538e+02
6.879421918165438683e+02
6.878204989759631189e+02
6.877067704976499272e+02
6.876256308135683639e+02
6.875445102739009826e+02
6.874633874965726363e+02
6.873822398609200945e+02
6.873011113802120917e+02
6.872013844188113580e+02
6.870796752730551589e+02
6.869801028292882847e+02
6.868989524059585392e+02
6.868178211523639902e+02
6.867366647539056430e+02
6.866555063863199848e+02
6.865743671990188659e+02
6.864604003215279135e+02
6.863386749140159964e+02
6.862532621697820332e+02
6.861720975398723112e+02
6.860909504407321720e+02
6.860097621472962146e+02
6.859285930663542104e+02
6.858410144166999771e+02
6.857192295479596851e+02
6.856074372595096520e+02
6.855262392121283028e+02
6.854450603954078360e+02
6.853485771037489940e+02
6.852267860059970417e+02
6.851238505082212669e+02
6.850426462017550193e+02
6.849614611424889290e+02
6.848802562083461680e+02
6.847990439668404861e+02
6.847178509831426254e+02
6.846366320276038095e+02
6.845554153401251369e+02
6.844742179194154232e+02
6.843581443321704683e+02
6.842363374959570592e+02
6.841529463497917050e+02
6.840717870523105830e+02
6.839906376269963175e+02
6.839093909152082915e+02
6.838281635026438607e+02
6.837385841430525488e+02
6.836167176271198969e+02
6.835067809952381594e+02
6.834255245493308166e+02
6.833442874209350748e+02
6.832457959862930466e+02
6.831239180562387219e+02
6.830228409640623113e+02
6.829415782788769320e+02
6.828603349278573660e+02
6.827790684990986847e+02
6.826977978908170144e+02
6.826165466273745324e+02
6.825037978866790809e+02
6.823819090499217737e+02
6.822950117033624338e+02
6.822137348681355888e+02
6.821324773944371600e+02
6.820511771810362234e+02
6.819698959160840559e+02
6.818886262401389331e+02
6.818073211614217826e+02
6.817260354692364217e+02
6.816447531575224730e+02
6.815634436450168323e+02
6.814821535280929083e+02
6.813851289535784872e+02
6.812631709453545454e+02
6.811605019063213149e+02
6.810791861708821671e+02
6.809978898477830853e+02
6.809165749803443077e+02
6.808352548179838095e+02
6.807539540770306985e+02
6.806426599385297322e+02
6.805206858552645599e+02
6.804322048579451803e+02
6.803508749986887096e+02
6.802695645792983896e+02
6.801882745496695861e+02
6.801070039900253050e+02
6.800257424503588481e+02
6.799443877323875540e+02
6.798630524777926212e+02
6.797729439019432220e+02
6.796509104130625474e+02
6.795412309825599095e+02
6.794598630795451299e+02
6.793785146600955613e+02
6.792971599159548077e+02
6.792157910802905008e+02
6.791344417356378926e+02
6.790300567836586652e+02
6.789080124917697958e+02
6.788125315292165851e+02
6.787311530084353990e+02
6.786497939972226732e+02
6.785684051095097402e+02
6.784870221763449081e+02
6.784056587618828189e+02
6.783242571945041846e+02
6.782428698514744383e+02
6.781614990791018727e+02
6.780800877847023003e+02
6.779986960343296687e+02
6.779100600484681536e+02
6.777879516615192870e+02
6.776766768124115288e+02
6.775952558366525409e+02
6.775138544235526297e+02
6.774324489075731890e+02
6.773510270092031078e+02
6.772696246809875902e+02
6.771667049197260440e+02
6.770445805599459845e+02
6.769475094325749751e+02
6.768660778656084176e+02
6.767846658874650529e+02
6.767032263090861761e+02
6.766217903397504188e+02
6.765403739684268203e+02
6.764231632089494042e+02
6.763010229211793103e+02
6.762181622371490448e+02
6.761367200981576389e+02
6.760552972935074649e+02
6.759738914790746094e+02
6.758925052669104616e+02
6.758111107358951131e+02
6.757296401239185570e+02
6.756481891525202172e+02
6.755667352064276656e+02
6.754852601949081645e+02
6.754038048331927939e+02
6.753024440324747957e+02
6.751802394919282051e+02
6.750814846635402091e+02
6.750000000000000000e+02
