7.000000000000000000e+02
6.999111227875778241e+02
6.998222681413157034e+02
6.997333898366507583e+02
6.996445176420861571e+02
6.995556588983552047e+02
6.994667614686935622e+02
6.993778866297973309e+02
6.992889996265387254e+02
6.992001033870388937e+02
6.991112297463129153e+02
6.990223213164432536e+02
6.989334301092662827e+02
6.988173880883606444e+02
6.986399325327876113e+02
6.985510014673596970e+02
6.984620930394233937e+02
6.983731825598258638e+02
6.982842565369758177e+02
6.981953531576948535e+02
6.981064200461012206e+02
6.980174952371260133e+02
6.979285812533129274e+02
6.978396349975478188e+02
6.977507114100858416e+02
6.976617746383151371e+02
6.975728334388868461e+02
6.974839149138512084e+02
6.973949511208739978e+02
6.973060073149831624e+02
6.971855706229572434e+02
6.970121396878643054e+02
6.969231598393721470e+02
6.968342027061310091e+02
6.967452403776126175e+02
6.966562656026605964e+02
6.965673135490685581e+02
6.964783283478424210e+02
6.963893548178588162e+02
6.963003888192158684e+02
6.962113937956536347e+02
6.961224215183146953e+02
6.960334304971428310e+02
6.959444367258257671e+02
6.958554649812261914e+02
6.957664535350332926e+02
6.956774648580060330e+02
6.955884703191447898e+02
6.954994562961620659e+02
6.954104650524024009e+02
6.952505869188094039e+02
6.951163813899142951e+02
6.950273540351289512e+02
6.949383494818633835e+02
6.948493117356117637e+02
6.947602894924303882e+02
6.946712926963009522e+02
6.945823255930173445e+02
6.944933812749906110e+02
6.944043638215965757e+02
6.943153212700111681e+02
6.942262975791289819e+02
6.941372334691886863e+02
6.940481922088530382e+02
6.939591434326123363e+02
6.938700806135207131e+02
6.937810406521665527e+02
6.936919700165243512e+02
6.936029123307046120e+02
6.935138607228611818e+02
6.934247776258542899e+02
6.933357174116745227e+02
6.931906793891298548e+02
6.930414295050455848e+02
6.929523369171619152e+02
6.928632672325813928e+02
6.927741721442180278e+02
6.926850808713219294e+02
6.925960051664898174e+02
6.925068922878747344e+02
6.924178023377302225e+02
6.923287014971136841e+02
6.922395899408506921e+02
6.921505013212287167e+02
6.920613753341231131e+02
6.919722651079864590e+02
6.918831596287964203e+02
6.917940316144936332e+02
6.917049265600783201e+02
6.916157960592471454e+02
6.915266655466651855e+02
6.914375535232804850e+02
6.913484052050886248e+02
6.912592798720472729e+02
6.911701462413950594e+02
6.910809992673299575e+02
6.909918752866135492e+02
6.908265097634339327e+02
6.906973346455457659e+02
6.906081743598903131e+02
6.905190370901930237e+02
6.904298589752897897e+02
6.903407000514708898e+02
6.902515672015499604e+02
6.901624634031090864e+02
6.900733826063172955e+02
6.899842227253004694e+02
6.898950472821794619e+02
6.898058864451030558e+02
6.897166854774023932e+02
6.896275075764339135e+02
6.895383200922022979e+02
6.894491243365239370e+02
6.893599516538311036e+02
6.892707408144941610e+02
6.891815464425535538e+02
6.890923551478585978e+02
6.890031390690668331e+02
6.889139460887124642e+02
6.888247295484118240e+02
6.887355148608089621e+02
6.886463178956574893e+02
6.885570814831703501e+02
6.884678681946162442e+02
6.883365707046102671e+02
6.881730942747956306e+02
6.880838445531719572e+02
6.879946179782828040e+02
6.879053785958066101e+02
6.878161341180682484e+02
6.877269127933503796e+02
6.876376498136262398e+02
6.875484067516231335e+02
6.874591620716544185e+02
6.873698934189870897e+02
6.872806479469189753e+02
6.871913782831011304e+02
6.871021148893415784e+02
6.870128663817797587e+02
6.869235850510193586e+02
6.868343269225033509e+02
6.867450544443630633e+02
6.866557707082203024e+02
6.865665101846198013e+02
6.864772105510759275e+02
6.863879282535713173e+02
6.862986730054866484e+02
6.862094496526194689e+02
6.861202494959850355e+02
6.860309715257392327e+02
6.859416726654311560e+02
6.858523906866532798e+02
6.857630661814522455e+02
6.856737649402314219e+02
6.855844559629612149e+02
6.854951367468418084e+02
6.854058408010373569e+02
6.853165084582449254e+02
6.852271907029502245e+02
6.851378791154747887e+02
6.850485433686928900e+02
6.849592309160111654e+02
6.848698942550879565e+02
6.847805561408364383e+02
6.846912379358235512e+02
6.846018779759722293e+02
6.845125413380505961e+02
6.843837134475394350e+02
6.842173643682764350e+02
6.841279949519982893e+02
6.840386488787393091e+02
6.839492897914249170e+02
6.838599218604049383e+02
6.837705772807760241e+02
6.836811927849000767e+02
6.835918263471165801e+02
6.835024616675459583e+02
6.834130733536710522e+02
6.833237084171100832e+02
6.832343183157618114e+02
6.831449315027136890e+02
6.830555616301767259e+02
6.829661567588514117e+02
6.828767752887993083e+02
6.827873815480257917e+02
6.826979743489469001e+02
6.826085905615504998e+02
6.825191728178421045e+02
6.824297709698020071e+02
6.823403735451040575e+02
6.822509497850281832e+02
6.821615494606488710e+02
6.820721780750617427e+02
6.819828328364085337e+02
6.818935024639880567e+02
6.818040582439512036e+02
6.817146374856989723e+02
6.816252091392078682e+02
6.815357664500456849e+02
6.814463472310981160e+02
6.813568934022456460e+02
6.812674522519945413e+02
6.811780192609494406e+02
6.810885599972244790e+02
6.809991242278248365e+02
6.809096686730736110e+02
6.808202109551181138e+02
6.807307752877870826e+02
6.806412917668162663e+02
6.805518317683551004e+02
6.804623684170063598e+02
6.803728902858082392e+02
6.802834356835625158e+02
6.801939490661670789e+02
6.801044724964610850e+02
6.800150066272133245e+02
6.799255119078856069e+02
6.798360407417170563e+02
6.797465501601378719e+02
6.796570531739887429e+02
6.795675797514930991e+02
6.794780620516122553e+02
6.793885666427166825e+02
6.792990703986511107e+02
6.792095568207979568e+02
6.791200668308613331e+02
6.790305474321153270e+02
6.789410354384207267e+02
6.788515360914457233e+02
6.787620020757680095e+02
6.786724916743341964e+02
6.785829667584702065e+02
6.784934343346577634e+02
6.784039255335939060e+02
6.783143750376738126e+02
6.782248442138397877e+02
6.781353396429720988e+02
6.780458638953562058e+02
6.779564117561641297e+02
6.778668798328139928e+02
6.777773323573813968e+02
6.776877999478384709e+02
6.775982265777121256e+02
6.775086768831728250e+02
6.774191174385952081e+02
6.773295495192538738e+02
6.772400052820064502e+02
6.771504221000701591e+02
6.770608558034992939e+02
6.769712927617495097e+02
6.768817043875169475e+02
6.767921397218666471e+02
6.767025510497209098e+02
6.766129643060153285e+02
6.765233958058020107e+02
6.764337869656684461e+02
6.763442018606514239e+02
6.762546095236764359e+02
6.761650061572779578e+02
6.760754265325278993e+02
6.759858072572178571e+02
6.758962017018432107e+02
6.758066030845675414e+02
6.757169792494455578e+02
6.756273791825635726e+02
6.755377577512371090e+02
6.754481355695698994e+02
6.753585343695788197e+02
6.752688900546800141e+02
6.751792695346582605e+02
6.750896426536487525e+02
6.750000000000000000e+02
